   5.1099892800000001E-004   7.2973525693000004E-003   7.2973525693000004E-003
   5.1726949318692934E-004   7.2974906360975499E-003   7.2974906360975499E-003
   5.2361700567376288E-004   7.2976287081242212E-003   7.2976287081242212E-003
   5.3004240969547556E-004   7.2977667853803187E-003   7.2977667853803187E-003
   5.3654666107392970E-004   7.2979048678661288E-003   7.2979048678661288E-003
   5.4313072736005973E-004   7.2980429555819567E-003   7.2980429555819567E-003
   5.4979558797780181E-004   7.2981810485280929E-003   7.2981810485280929E-003
   5.5654223436978989E-004   7.2983191467048403E-003   7.2983191467048403E-003
   5.6337167014483926E-004   7.2984572501124979E-003   7.2984572501124979E-003
   5.7028491122724026E-004   7.2985953587513565E-003   7.2985953587513565E-003
   5.7728298600788366E-004   7.2987334726217221E-003   7.2987334726217221E-003
   5.8436693549724088E-004   7.2988715917238810E-003   7.2988715917238810E-003
   5.9153781348022085E-004   7.2990097160581368E-003   7.2990097160581368E-003
   5.9879668667292812E-004   7.2991478456247956E-003   7.2991478456247956E-003
   6.0614463488134376E-004   7.2992859804241359E-003   7.2992859804241359E-003
   6.1358275116195360E-004   7.2994241204564709E-003   7.2994241204564709E-003
   6.2111214198434783E-004   7.2995622657220883E-003   7.2995622657220883E-003
   6.2873392739581577E-004   7.2997004162212945E-003   7.2997004162212945E-003
   6.3644924118796053E-004   7.2998385719543818E-003   7.2998385719543818E-003
   6.4425923106535771E-004   7.2999767329216475E-003   7.2999767329216475E-003
   6.5216505881628465E-004   7.3001148991233937E-003   7.3001148991233937E-003
   6.6016790048554379E-004   7.3002530705599091E-003   7.3002530705599091E-003
   6.6826894654940729E-004   7.3003912472314981E-003   7.3003912472314981E-003
   6.7646940209270870E-004   7.3005294291384592E-003   7.3005294291384592E-003
   6.8477048698810687E-004   7.3006676162810907E-003   7.3006676162810907E-003
   6.9317343607755053E-004   7.3008058086596831E-003   7.3008058086596831E-003
   7.0167949935596920E-004   7.3009440062745436E-003   7.3009440062745436E-003
   7.1028994215721825E-004   7.3010822091259600E-003   7.3010822091259600E-003
   7.1900604534230576E-004   7.3012204172142386E-003   7.3012204172142386E-003
   7.2782910548992944E-004   7.3013586305396743E-003   7.3013586305396743E-003
   7.3676043508935098E-004   7.3014968491025662E-003   7.3014968491025662E-003
   7.4580136273563801E-004   7.3016350729032111E-003   7.3016350729032111E-003
   7.5495323332730110E-004   7.3017733019419022E-003   7.3017733019419022E-003
   7.6421740826635679E-004   7.3019115362189455E-003   7.3019115362189455E-003
   7.7359526566084507E-004   7.3020497757346316E-003   7.3020497757346316E-003
   7.8308820052983225E-004   7.3021880204892642E-003   7.3021880204892642E-003
   7.9269762501092927E-004   7.3023262704831398E-003   7.3023262704831398E-003
   8.0242496857035666E-004   7.3024645257165561E-003   7.3024645257165561E-003
   8.1227167821558736E-004   7.3026027861898078E-003   7.3026027861898078E-003
   8.2223921871059857E-004   7.3027410519031968E-003   7.3027410519031968E-003
   8.3232907279376541E-004   7.3028793228570249E-003   7.3028793228570249E-003
   8.4254274139842784E-004   7.3030175990515811E-003   7.3030175990515811E-003
   8.5288174387616498E-004   7.3031558804871680E-003   7.3031558804871680E-003
   8.6334761822280833E-004   7.3032941671640865E-003   7.3032941671640865E-003
   8.7394192130722955E-004   7.3034324590826299E-003   7.3034324590826299E-003
   8.8466622910293453E-004   7.3035707562431008E-003   7.3035707562431008E-003
   8.9552213692250030E-004   7.3037090586457951E-003   7.3037090586457951E-003
   9.0651125965488855E-004   7.3038473662910084E-003   7.3038473662910084E-003
   9.1763523200567095E-004   7.3039856791790444E-003   7.3039856791790444E-003
   9.2889570874020260E-004   7.3041239973101963E-003   7.3041239973101963E-003
   9.4029436492977958E-004   7.3042623206847701E-003   7.3042623206847701E-003
   9.5183289620081679E-004   7.3044006493030523E-003   7.3044006493030523E-003
   9.6351301898708408E-004   7.3045389831653523E-003   7.3045389831653523E-003
   9.7533647078503697E-004   7.3046773222719616E-003   7.3046773222719616E-003
   9.8730501041228102E-004   7.3048156666231830E-003   7.3048156666231830E-003
   9.9942041826920746E-004   7.3049540162193113E-003   7.3049540162193113E-003
   1.0116844966038400E-003   7.3050923710606475E-003   7.3050923710606475E-003
   1.0240990697799313E-003   7.3052307311474900E-003   7.3052307311474900E-003
   1.0366659845483489E-003   7.3053690964801337E-003   7.3053690964801337E-003
   1.0493871103217922E-003   7.3055074670588822E-003   7.3055074670588822E-003
   1.0622643394528799E-003   7.3056458428840286E-003   7.3056458428840286E-003
   1.0752995875156503E-003   7.3057842239558782E-003   7.3057842239558782E-003
   1.0884947935905153E-003   7.3059226102747251E-003   7.3059226102747251E-003
   1.1018519205527122E-003   7.3060610018408677E-003   7.3060610018408677E-003
   1.1153729553642943E-003   7.3061993986546061E-003   7.3061993986546061E-003
   1.1290599093697043E-003   7.3063378007162368E-003   7.3063378007162368E-003
   1.1429148185949762E-003   7.3064762080260635E-003   7.3064762080260635E-003
   1.1569397440506072E-003   7.3066146205843811E-003   7.3066146205843811E-003
   1.1711367720381467E-003   7.3067530383914888E-003   7.3067530383914888E-003
   1.1855080144605480E-003   7.3068914614476841E-003   7.3068914614476841E-003
   1.2000556091363280E-003   7.3070298897532646E-003   7.3070298897532646E-003
   1.2147817201175815E-003   7.3071683233085364E-003   7.3071683233085364E-003
   1.2296885380118990E-003   7.3073067621137909E-003   7.3073067621137909E-003
   1.2447782803082341E-003   7.3074452061693282E-003   7.3074452061693282E-003
   1.2600531917067695E-003   7.3075836554754520E-003   7.3075836554754520E-003
   1.2755155444528318E-003   7.3077221100324545E-003   7.3077221100324545E-003
   1.2911676386749026E-003   7.3078605698406367E-003   7.3078605698406367E-003
   1.3070118027267783E-003   7.3079990349003022E-003   7.3079990349003022E-003
   1.3230503935339284E-003   7.3081375052117441E-003   7.3081375052117441E-003
   1.3392857969441035E-003   7.3082759807752643E-003   7.3082759807752643E-003
   1.3557204280822469E-003   7.3084144615911586E-003   7.3084144615911586E-003
   1.3723567317097595E-003   7.3085529476597313E-003   7.3085529476597313E-003
   1.3891971825881757E-003   7.3086914389812784E-003   7.3086914389812784E-003
   1.4062442858472999E-003   7.3088299355560989E-003   7.3088299355560989E-003
   1.4235005773578615E-003   7.3089684373844914E-003   7.3089684373844914E-003
   1.4409686241087425E-003   7.3091069444667549E-003   7.3091069444667549E-003
   1.4586510245888347E-003   7.3092454568031914E-003   7.3092454568031914E-003
   1.4765504091735820E-003   7.3093839743940958E-003   7.3093839743940958E-003
   1.4946694405162664E-003   7.3095224972397699E-003   7.3095224972397699E-003
   1.5130108139440957E-003   7.3096610253405138E-003   7.3096610253405138E-003
   1.5315772578591512E-003   7.3097995586966233E-003   7.3097995586966233E-003
   1.5503715341442560E-003   7.3099380973084020E-003   7.3099380973084020E-003
   1.5693964385738231E-003   7.3100766411761430E-003   7.3100766411761430E-003
   1.5886548012297463E-003   7.3102151903001542E-003   7.3102151903001542E-003
   1.6081494869223929E-003   7.3103537446807271E-003   7.3103537446807271E-003
   1.6278833956167647E-003   7.3104923043181671E-003   7.3104923043181671E-003
   1.6478594628638859E-003   7.3106308692127680E-003   7.3106308692127680E-003
   1.6680806602374866E-003   7.3107694393648309E-003   7.3107694393648309E-003
   1.6885499957760444E-003   7.3109080147746577E-003   7.3109080147746577E-003
   1.7092705144302498E-003   7.3110465954425441E-003   7.3110465954425441E-003
   1.7302452985159635E-003   7.3111851813687954E-003   7.3111851813687954E-003
   1.7514774681727310E-003   7.3113237725537013E-003   7.3113237725537013E-003
   1.7729701818279249E-003   7.3114623689975724E-003   7.3114623689975724E-003
   1.7947266366665816E-003   7.3116009707007018E-003   7.3116009707007018E-003
   1.8167500691070040E-003   7.3117395776633896E-003   7.3117395776633896E-003
   1.8390437552822006E-003   7.3118781898859385E-003   7.3118781898859385E-003
   1.8616110115272321E-003   7.3120168073686409E-003   7.3120168073686409E-003
   1.8844551948725384E-003   7.3121554301118028E-003   7.3121554301118028E-003
   1.9075797035433197E-003   7.3122940581157236E-003   7.3122940581157236E-003
   1.9309879774650446E-003   7.3124326913806990E-003   7.3124326913806990E-003
   1.9546834987751627E-003   7.3125713299070352E-003   7.3125713299070352E-003
   1.9786697923410953E-003   7.3127099736950227E-003   7.3127099736950227E-003
   2.0029504262845835E-003   7.3128486227449730E-003   7.3128486227449730E-003
   2.0275290125124695E-003   7.3129872770571732E-003   7.3129872770571732E-003
   2.0524092072539933E-003   7.3131259366319337E-003   7.3131259366319337E-003
   2.0775947116046800E-003   7.3132646014695468E-003   7.3132646014695468E-003
   2.1030892720769025E-003   7.3134032715703136E-003   7.3134032715703136E-003
   2.1288966811572009E-003   7.3135419469345401E-003   7.3135419469345401E-003
   2.1550207778704405E-003   7.3136806275625179E-003   7.3136806275625179E-003
   2.1814654483508916E-003   7.3138193134545497E-003   7.3138193134545497E-003
   2.2082346264203187E-003   7.3139580046109372E-003   7.3139580046109372E-003
   2.2353322941731624E-003   7.3140967010319807E-003   7.3140967010319807E-003
   2.2627624825689026E-003   7.3142354027179810E-003   7.3142354027179810E-003
   2.2905292720316905E-003   7.3143741096692323E-003   7.3143741096692323E-003
   2.3186367930573405E-003   7.3145128218860380E-003   7.3145128218860380E-003
   2.3470892268277668E-003   7.3146515393687009E-003   7.3146515393687009E-003
   2.3758908058329640E-003   7.3147902621175142E-003   7.3147902621175142E-003
   2.4050458145006177E-003   7.3149289901327866E-003   7.3149289901327866E-003
   2.4345585898334415E-003   7.3150677234148122E-003   7.3150677234148122E-003
   2.4644335220543353E-003   7.3152064619638919E-003   7.3152064619638919E-003
   2.4946750552594611E-003   7.3153452057803294E-003   7.3153452057803294E-003
   2.5252876880793307E-003   7.3154839548644187E-003   7.3154839548644187E-003
   2.5562759743480087E-003   7.3156227092164633E-003   7.3156227092164633E-003
   2.5876445237805247E-003   7.3157614688367650E-003   7.3157614688367650E-003
   2.6193980026585988E-003   7.3159002337256224E-003   7.3159002337256224E-003
   2.6515411345247840E-003   7.3160390038833336E-003   7.3160390038833336E-003
   2.6840787008851233E-003   7.3161777793102024E-003   7.3161777793102024E-003
   2.7170155419204314E-003   7.3163165600065288E-003   7.3163165600065288E-003
   2.7503565572063035E-003   7.3164553459726120E-003   7.3164553459726120E-003
   2.7841067064419602E-003   7.3165941372087496E-003   7.3165941372087496E-003
   2.8182710101880368E-003   7.3167329337152486E-003   7.3167329337152486E-003
   2.8528545506134235E-003   7.3168717354924013E-003   7.3168717354924013E-003
   2.8878624722512738E-003   7.3170105425405174E-003   7.3170105425405174E-003
   2.9232999827642873E-003   7.3171493548598865E-003   7.3171493548598865E-003
   2.9591723537193844E-003   7.3172881724508192E-003   7.3172881724508192E-003
   2.9954849213718877E-003   7.3174269953136112E-003   7.3174269953136112E-003
   3.0322430874593249E-003   7.3175658234485609E-003   7.3175658234485609E-003
   3.0694523200049746E-003   7.3177046568559719E-003   7.3177046568559719E-003
   3.1071181541312701E-003   7.3178434955361452E-003   7.3178434955361452E-003
   3.1452461928831864E-003   7.3179823394893791E-003   7.3179823394893791E-003
   3.1838421080617315E-003   7.3181211887159755E-003   7.3181211887159755E-003
   3.2229116410676631E-003   7.3182600432162345E-003   7.3182600432162345E-003
   3.2624606037555616E-003   7.3183989029904587E-003   7.3183989029904587E-003
   3.3024948792983828E-003   7.3185377680389458E-003   7.3185377680389458E-003
   3.3430204230626174E-003   7.3186766383619992E-003   7.3186766383619992E-003
   3.3840432634941933E-003   7.3188155139599174E-003   7.3188155139599174E-003
   3.4255695030152465E-003   7.3189543948330013E-003   7.3189543948330013E-003
   3.4676053189318982E-003   7.3190932809815493E-003   7.3190932809815493E-003
   3.5101569643531689E-003   7.3192321724058710E-003   7.3192321724058710E-003
   3.5532307691211714E-003   7.3193710691062596E-003   7.3193710691062596E-003
   3.5968331407527170E-003   7.3195099710830162E-003   7.3195099710830162E-003
   3.6409705653924762E-003   7.3196488783364459E-003   7.3196488783364459E-003
   3.6856496087778363E-003   7.3197877908668428E-003   7.3197877908668428E-003
   3.7308769172155992E-003   7.3199267086745115E-003   7.3199267086745115E-003
   3.7766592185706628E-003   7.3200656317597588E-003   7.3200656317597588E-003
   3.8230033232668375E-003   7.3202045601228737E-003   7.3202045601228737E-003
   3.8699161252999412E-003   7.3203434937641658E-003   7.3203434937641658E-003
   3.9174046032633284E-003   7.3204824326839352E-003   7.3204824326839352E-003
   3.9654758213860004E-003   7.3206213768824795E-003   7.3206213768824795E-003
   4.0141369305834607E-003   7.3207603263601003E-003   7.3207603263601003E-003
   4.0633951695214577E-003   7.3208992811171023E-003   7.3208992811171023E-003
   4.1132578656927852E-003   7.3210382411537838E-003   7.3210382411537838E-003
   4.1637324365072989E-003   7.3211772064704465E-003   7.3211772064704465E-003
   4.2148263903953025E-003   7.3213161770673907E-003   7.3213161770673907E-003
   4.2665473279244782E-003   7.3214551529449190E-003   7.3214551529449190E-003
   4.3189029429305231E-003   7.3215941341033290E-003   7.3215941341033290E-003
   4.3719010236616569E-003   7.3217331205429267E-003   7.3217331205429267E-003
   4.4255494539371769E-003   7.3218721122640116E-003   7.3218721122640116E-003
   4.4798562143202290E-003   7.3220111092668835E-003   7.3220111092668835E-003
   4.5348293833049700E-003   7.3221501115518445E-003   7.3221501115518445E-003
   4.5904771385182966E-003   7.3222891191191963E-003   7.3222891191191963E-003
   4.6468077579363241E-003   7.3224281319692408E-003   7.3224281319692408E-003
   4.7038296211157878E-003   7.3225671501022781E-003   7.3225671501022781E-003
   4.7615512104405618E-003   7.3227061735186092E-003   7.3227061735186092E-003
   4.8199811123834672E-003   7.3228452022185368E-003   7.3228452022185368E-003
   4.8791280187835701E-003   7.3229842362023600E-003   7.3229842362023600E-003
   4.9390007281391477E-003   7.3231232754703826E-003   7.3231232754703826E-003
   4.9996081469165276E-003   7.3232623200229037E-003   7.3232623200229037E-003
   5.0609592908749806E-003   7.3234013698602286E-003   7.3234013698602286E-003
   5.1230632864078781E-003   7.3235404249826549E-003   7.3235404249826549E-003
   5.1859293719003019E-003   7.3236794853904896E-003   7.3236794853904896E-003
   5.2495668991033185E-003   7.3238185510840249E-003   7.3238185510840249E-003
   5.3139853345251127E-003   7.3239576220635741E-003   7.3239576220635741E-003
   5.3791942608391935E-003   7.3240966983294251E-003   7.3240966983294251E-003
   5.4452033783098826E-003   7.3242357798818953E-003   7.3242357798818953E-003
   5.5120225062352942E-003   7.3243748667212692E-003   7.3243748667212692E-003
   5.5796615844080182E-003   7.3245139588478617E-003   7.3245139588478617E-003
   5.6481306745937336E-003   7.3246530562619695E-003   7.3246530562619695E-003
   5.7174399620279637E-003   7.3247921589638916E-003   7.3247921589638916E-003
   5.7875997569311957E-003   7.3249312669539353E-003   7.3249312669539353E-003
   5.8586204960425969E-003   7.3250703802324024E-003   7.3250703802324024E-003
   5.9305127441725489E-003   7.3252094987995859E-003   7.3252094987995859E-003
   6.0032871957742349E-003   7.3253486226557973E-003   7.3253486226557973E-003
   6.0769546765345088E-003   7.3254877518013359E-003   7.3254877518013359E-003
   6.1515261449842920E-003   7.3256268862364991E-003   7.3256268862364991E-003
   6.2270126941287246E-003   7.3257660259615940E-003   7.3257660259615940E-003
   6.3034255530973263E-003   7.3259051709769207E-003   7.3259051709769207E-003
   6.3807760888144049E-003   7.3260443212827811E-003   7.3260443212827811E-003
   6.4590758076899617E-003   7.3261834768794751E-003   7.3261834768794751E-003
   6.5383363573313464E-003   7.3263226377673074E-003   7.3263226377673074E-003
   6.6185695282759173E-003   7.3264618039465788E-003   7.3264618039465788E-003
   6.6997872557449630E-003   7.3266009754175930E-003   7.3266009754175930E-003
   6.7820016214191455E-003   7.3267401521806474E-003   7.3267401521806474E-003
   6.8652248552357326E-003   7.3268793342360500E-003   7.3268793342360500E-003
   6.9494693372078812E-003   7.3270185215840999E-003   7.3270185215840999E-003
   7.0347475992662487E-003   7.3271577142251000E-003   7.3271577142251000E-003
   7.1210723271232000E-003   7.3272969121593494E-003   7.3272969121593494E-003
   7.2084563621598935E-003   7.3274361153871526E-003   7.3274361153871526E-003
   7.2969127033365219E-003   7.3275753239088106E-003   7.3275753239088106E-003
   7.3864545091259937E-003   7.3277145377246295E-003   7.3277145377246295E-003
   7.4770950994713474E-003   7.3278537568349086E-003   7.3278537568349086E-003
   7.5688479577671773E-003   7.3279929812399480E-003   7.3279929812399480E-003
   7.6617267328653827E-003   7.3281322109400521E-003   7.3281322109400521E-003
   7.7557452411055250E-003   7.3282714459355245E-003   7.3282714459355245E-003
   7.8509174683700986E-003   7.3284106862266610E-003   7.3284106862266610E-003
   7.9472575721650264E-003   7.3285499318137774E-003   7.3285499318137774E-003
   8.0447798837256848E-003   7.3286891826971623E-003   7.3286891826971623E-003
   8.1434989101487696E-003   7.3288284388771255E-003   7.3288284388771255E-003
   8.2434293365503224E-003   7.3289677003539654E-003   7.3289677003539654E-003
   8.3445860282502400E-003   7.3291069671279872E-003   7.3291069671279872E-003
   8.4469840329835944E-003   7.3292462391994920E-003   7.3292462391994920E-003
   8.5506385831390797E-003   7.3293855165687807E-003   7.3293855165687807E-003
   8.6555650980249324E-003   7.3295247992361612E-003   7.3295247992361612E-003
   8.7617791861626590E-003   7.3296640872019311E-003   7.3296640872019311E-003
   8.8692966476089062E-003   7.3298033804663956E-003   7.3298033804663956E-003
   8.9781334763058256E-003   7.3299426790298531E-003   7.3299426790298531E-003
   9.0883058624602799E-003   7.3300819828926106E-003   7.3300819828926106E-003
   9.1998301949522444E-003   7.3302212920549684E-003   7.3302212920549684E-003
   9.3127230637727616E-003   7.3303606065172290E-003   7.3303606065172290E-003
   9.4270012624918156E-003   7.3304999262796934E-003   7.3304999262796934E-003
   9.5426817907564854E-003   7.3306392513426723E-003   7.3306392513426723E-003
   9.6597818568197602E-003   7.3307785817064604E-003   7.3307785817064604E-003
   9.7783188801003756E-003   7.3309179173713639E-003   7.3309179173713639E-003
   9.8983104937740776E-003   7.3310572583376813E-003   7.3310572583376813E-003
   1.0019774547396667E-002   7.3311966046057187E-003   7.3311966046057187E-003
   1.0142729109559243E-002   7.3313359561757788E-003   7.3313359561757788E-003
   1.0267192470576034E-002   7.3314753130481660E-003   7.3314753130481660E-003
   1.0393183145205194E-002   7.3316146752231814E-003   7.3316146752231814E-003
   1.0520719875403001E-002   7.3317540427011258E-003   7.3317540427011258E-003
   1.0649821633111851E-002   7.3318934154823039E-003   7.3318934154823039E-003
   1.0780507623082457E-002   7.3320327935670199E-003   7.3320327935670199E-003
   1.0912797285730687E-002   7.3321721769555740E-003   7.3321721769555740E-003
   1.1046710300029457E-002   7.3323115656482706E-003   7.3323115656482706E-003
   1.1182266586436106E-002   7.3324509596454125E-003   7.3324509596454125E-003
   1.1319486309855700E-002   7.3325903589473067E-003   7.3325903589473067E-003
   1.1458389882640699E-002   7.3327297635542481E-003   7.3327297635542481E-003
   1.1598997967627426E-002   7.3328691734665446E-003   7.3328691734665446E-003
   1.1741331481209804E-002   7.3330085886844946E-003   7.3330085886844946E-003
   1.1885411596450813E-002   7.3331480092084112E-003   7.3331480092084112E-003
   1.2031259746232119E-002   7.3332874350385876E-003   7.3332874350385876E-003
   1.2178897626442364E-002   7.3334268661753316E-003   7.3334268661753316E-003
   1.2328347199204571E-002   7.3335663026189461E-003   7.3335663026189461E-003
   1.2479630696143161E-002   7.3337057443697345E-003   7.3337057443697345E-003
   1.2632770621691047E-002   7.3338451914279970E-003   7.3338451914279970E-003
   1.2787789756437334E-002   7.3339846437940380E-003   7.3339846437940380E-003
   1.2944711160516067E-002   7.3341241014681638E-003   7.3341241014681638E-003
   1.3103558177036595E-002   7.3342635644506769E-003   7.3342635644506769E-003
   1.3264354435556005E-002   7.3344030327418775E-003   7.3344030327418775E-003
   1.3427123855594181E-002   7.3345425063420684E-003   7.3345425063420684E-003
   1.3591890650191993E-002   7.3346819852515548E-003   7.3346819852515548E-003
   1.3758679329513145E-002   7.3348214694706421E-003   7.3348214694706421E-003
   1.3927514704490232E-002   7.3349609589996321E-003   7.3349609589996321E-003
   1.4098421890515529E-002   7.3351004538388291E-003   7.3351004538388291E-003
   1.4271426311177072E-002   7.3352399539885335E-003   7.3352399539885335E-003
   1.4446553702040590E-002   7.3353794594490495E-003   7.3353794594490495E-003
   1.4623830114477841E-002   7.3355189702206842E-003   7.3355189702206842E-003
   1.4803281919541928E-002   7.3356584863037387E-003   7.3356584863037387E-003
   1.4984935811890173E-002   7.3357980076985112E-003   7.3357980076985112E-003
   1.5168818813755119E-002   7.3359375344053132E-003   7.3359375344053132E-003
   1.5354958278964275E-002   7.3360770664244465E-003   7.3360770664244465E-003
   1.5543381897009177E-002   7.3362166037562130E-003   7.3362166037562130E-003
   1.5734117697164384E-002   7.3363561464009170E-003   7.3363561464009170E-003
   1.5927194052657027E-002   7.3364956943588605E-003   7.3364956943588605E-003
   1.6122639684887509E-002   7.3366352476303522E-003   7.3366352476303522E-003
   1.6320483667702012E-002   7.3367748062156896E-003   7.3367748062156896E-003
   1.6520755431717417E-002   7.3369143701151789E-003   7.3369143701151789E-003
   1.6723484768699316E-002   7.3370539393291254E-003   7.3370539393291254E-003
   1.6928701835993730E-002   7.3371935138578284E-003   7.3371935138578284E-003
   1.7136437161013218E-002   7.3373330937015965E-003   7.3373330937015965E-003
   1.7346721645778031E-002   7.3374726788607300E-003   7.3374726788607300E-003
   1.7559586571513002E-002   7.3376122693355351E-003   7.3376122693355351E-003
   1.7775063603300830E-002   7.3377518651263143E-003   7.3377518651263143E-003
   1.7993184794792474E-002   7.3378914662333731E-003   7.3378914662333731E-003
   1.8213982592975353E-002   7.3380310726570133E-003   7.3380310726570133E-003
   1.8437489843000050E-002   7.3381706843975410E-003   7.3381706843975410E-003
   1.8663739793066247E-002   7.3383103014552581E-003   7.3383103014552581E-003
   1.8892766099368612E-002   7.3384499238304691E-003   7.3384499238304691E-003
   1.9124602831103399E-002   7.3385895515234766E-003   7.3385895515234766E-003
   1.9359284475536451E-002   7.3387291845345894E-003   7.3387291845345894E-003
   1.9596845943133427E-002   7.3388688228641086E-003   7.3388688228641086E-003
   1.9837322572752950E-002   7.3390084665123350E-003   7.3390084665123350E-003
   2.0080750136903521E-002   7.3391481154795775E-003   7.3391481154795775E-003
   2.0327164847064899E-002   7.3392877697661335E-003   7.3392877697661335E-003
   2.0576603359074810E-002   7.3394274293723180E-003   7.3394274293723180E-003
   2.0829102778581750E-002   7.3395670942984249E-003   7.3395670942984249E-003
   2.1084700666564694E-002   7.3397067645447648E-003   7.3397067645447648E-003
   2.1343435044920544E-002   7.3398464401116369E-003   7.3398464401116369E-003
   2.1605344402120148E-002   7.3399861209993535E-003   7.3399861209993535E-003
   2.1870467698933707E-002   7.3401258072082094E-003   7.3401258072082094E-003
   2.2138844374226453E-002   7.3402654987385118E-003   7.3402654987385118E-003
   2.2410514350825448E-002   7.3404051955905658E-003   7.3404051955905658E-003
   2.2685518041458370E-002   7.3405448977646795E-003   7.3405448977646795E-003
   2.2963896354765177E-002   7.3406846052611495E-003   7.3406846052611495E-003
   2.3245690701383541E-002   7.3408243180802845E-003   7.3408243180802845E-003
   2.3530943000108957E-002   7.3409640362223916E-003   7.3409640362223916E-003
   2.3819695684130442E-002   7.3411037596877718E-003   7.3411037596877718E-003
   2.4111991707342764E-002   7.3412434884767277E-003   7.3412434884767277E-003
   2.4407874550736113E-002   7.3413832225895656E-003   7.3413832225895656E-003
   2.4707388228864192E-002   7.3415229620265891E-003   7.3415229620265891E-003
   2.5010577296391674E-002   7.3416627067881069E-003   7.3416627067881069E-003
   2.5317486854722019E-002   7.3418024568744208E-003   7.3418024568744208E-003
   2.5628162558706591E-002   7.3419422122858327E-003   7.3419422122858327E-003
   2.5942650623436134E-002   7.3420819730226497E-003   7.3420819730226497E-003
   2.6260997831115577E-002   7.3422217390851762E-003   7.3422217390851762E-003
   2.6583251538023198E-002   7.3423615104737192E-003   7.3423615104737192E-003
   2.6909459681555184E-002   7.3425012871885789E-003   7.3425012871885789E-003
   2.7239670787356642E-002   7.3426410692300640E-003   7.3426410692300640E-003
   2.7573933976540115E-002   7.3427808565984720E-003   7.3427808565984720E-003
   2.7912298972992671E-002   7.3429206492941126E-003   7.3429206492941126E-003
   2.8254816110772678E-002   7.3430604473172937E-003   7.3430604473172937E-003
   2.8601536341597313E-002   7.3432002506683153E-003   7.3432002506683153E-003
   2.8952511242421989E-002   7.3433400593474847E-003   7.3433400593474847E-003
   2.9307793023112753E-002   7.3434798733551052E-003   7.3434798733551052E-003
   2.9667434534212875E-002   7.3436196926914823E-003   7.3436196926914823E-003
   3.0031489274804701E-002   7.3437595173569204E-003   7.3437595173569204E-003
   3.0400011400468011E-002   7.3438993473517256E-003   7.3438993473517256E-003
   3.0773055731336020E-002   7.3440391826761989E-003   7.3440391826761989E-003
   3.1150677760250243E-002   7.3441790233306518E-003   7.3441790233306518E-003
   3.1532933661015422E-002   7.3443188693153808E-003   7.3443188693153808E-003
   3.1919880296755757E-002   7.3444587206306991E-003   7.3444587206306991E-003
   3.2311575228373676E-002   7.3445985772769076E-003   7.3445985772769076E-003
   3.2708076723112406E-002   7.3447384392543100E-003   7.3447384392543100E-003
   3.3109443763223619E-002   7.3448783065632123E-003   7.3448783065632123E-003
   3.3515736054741431E-002   7.3450181792039208E-003   7.3450181792039208E-003
   3.3927014036364077E-002   7.3451580571767434E-003   7.3451580571767434E-003
   3.4343338888444562E-002   7.3452979404819785E-003   7.3452979404819785E-003
   3.4764772542091676E-002   7.3454378291199357E-003   7.3454378291199357E-003
   3.5191377688382625E-002   7.3455777230909194E-003   7.3455777230909194E-003
   3.5623217787688774E-002   7.3457176223952333E-003   7.3457176223952333E-003
   3.6060357079115785E-002   7.3458575270331835E-003   7.3458575270331835E-003
   3.6502860590059638E-002   7.3459974370050762E-003   7.3459974370050762E-003
   3.6950794145879866E-002   7.3461373523112140E-003   7.3461373523112140E-003
   3.7404224379691528E-002   7.3462772729519050E-003   7.3462772729519050E-003
   3.7863218742277327E-002   7.3464171989274518E-003   7.3464171989274518E-003
   3.8327845512121379E-002   7.3465571302381615E-003   7.3465571302381615E-003
   3.8798173805566084E-002   7.3466970668843428E-003   7.3466970668843428E-003
   3.9274273587093643E-002   7.3468370088662959E-003   7.3468370088662959E-003
   3.9756215679733746E-002   7.3469769561843260E-003   7.3469769561843260E-003
   4.0244071775598966E-002   7.3471169088387394E-003   7.3471169088387394E-003
   4.0737914446549457E-002   7.3472568668298439E-003   7.3472568668298439E-003
   4.1237817154988483E-002   7.3473968301579389E-003   7.3473968301579389E-003
   4.1743854264790464E-002   7.3475367988233408E-003   7.3475367988233408E-003
   4.2256101052363076E-002   7.3476767728263455E-003   7.3476767728263455E-003
   4.2774633717845137E-002   7.3478167521672626E-003   7.3478167521672626E-003
   4.3299529396441890E-002   7.3479567368463939E-003   7.3479567368463939E-003
   4.3830866169899375E-002   7.3480967268640509E-003   7.3480967268640509E-003
   4.4368723078119600E-002   7.3482367222205344E-003   7.3482367222205344E-003
   4.4913180130918280E-002   7.3483767229161516E-003   7.3483767229161516E-003
   4.5464318319926818E-002   7.3485167289512069E-003   7.3485167289512069E-003
   4.6022219630640349E-002   7.3486567403260056E-003   7.3486567403260056E-003
   4.6586967054613633E-002   7.3487967570408565E-003   7.3487967570408565E-003
   4.7158644601806618E-002   7.3489367790960649E-003   7.3489367790960649E-003
   4.7737337313081468E-002   7.3490768064919344E-003   7.3490768064919344E-003
   4.8323131272852968E-002   7.3492168392287685E-003   7.3492168392287685E-003
   4.8916113621894158E-002   7.3493568773068795E-003   7.3493568773068795E-003
   4.9516372570299096E-002   7.3494969207265667E-003   7.3494969207265667E-003
   5.0123997410604713E-002   7.3496369694881387E-003   7.3496369694881387E-003
   5.0739078531073671E-002   7.3497770235919063E-003   7.3497770235919063E-003
   5.1361707429140216E-002   7.3499170830381676E-003   7.3499170830381676E-003
   5.1991976725021045E-002   7.3500571478272332E-003   7.3500571478272332E-003
   5.2629980175493175E-002   7.3501972179594050E-003   7.3501972179594050E-003
   5.3275812687840894E-002   7.3503372934349900E-003   7.3503372934349900E-003
   5.3929570333973852E-002   7.3504773742542970E-003   7.3504773742542970E-003
   5.4591350364718405E-002   7.3506174604176296E-003   7.3506174604176296E-003
   5.5261251224284332E-002   7.3507575519252957E-003   7.3507575519252957E-003
   5.5939372564909051E-002   7.3508976487775971E-003   7.3508976487775971E-003
   5.6625815261681575E-002   7.3510377509748460E-003   7.3510377509748460E-003
   5.7320681427548349E-002   7.3511778585173436E-003   7.3511778585173436E-003
   5.8024074428503242E-002   7.3513179714053958E-003   7.3513179714053958E-003
   5.8736098898963911E-002   7.3514580896393150E-003   7.3514580896393150E-003
   5.9456860757336895E-002   7.3515982132194022E-003   7.3515982132194022E-003
   6.0186467221773669E-002   7.3517383421459600E-003   7.3517383421459600E-003
   6.0925026826120075E-002   7.3518784764193025E-003   7.3518784764193025E-003
   6.1672649436061454E-002   7.3520186160397306E-003   7.3520186160397306E-003
   6.2429446265465892E-002   7.3521587610075531E-003   7.3521587610075531E-003
   6.3195529892928037E-002   7.3522989113230736E-003   7.3522989113230736E-003
   6.3971014278515925E-002   7.3524390669865991E-003   7.3524390669865991E-003
   6.4756014780723278E-002   7.3525792279984428E-003   7.3525792279984428E-003
   6.5550648173629905E-002   7.3527193943589003E-003   7.3527193943589003E-003
   6.6355032664272548E-002   7.3528595660682840E-003   7.3528595660682840E-003
   6.7169287910229053E-002   7.3529997431268984E-003   7.3529997431268984E-003
   6.7993535037418174E-002   7.3531399255350478E-003   7.3531399255350478E-003
   6.8827896658117879E-002   7.3532801132930444E-003   7.3532801132930444E-003
   6.9672496889204794E-002   7.3534203064011903E-003   7.3534203064011903E-003
   7.0527461370617342E-002   7.3535605048597949E-003   7.3535605048597949E-003
   7.1392917284045593E-002   7.3537007086691636E-003   7.3537007086691636E-003
   7.2268993371850346E-002   7.3538409178296000E-003   7.3538409178296000E-003
   7.3155819956214438E-002   7.3539811323414155E-003   7.3539811323414155E-003
   7.4053528958529041E-002   7.3541213522049110E-003   7.3541213522049110E-003
   7.4962253919017841E-002   7.3542615774203988E-003   7.3542615774203988E-003
   7.5882130016602045E-002   7.3544018079881790E-003   7.3544018079881790E-003
   7.6813294089009165E-002   7.3545420439085681E-003   7.3545420439085681E-003
   7.7755884653128521E-002   7.3546822851818603E-003   7.3546822851818603E-003
   7.8710041925616578E-002   7.3548225318083704E-003   7.3548225318083704E-003
   7.9675907843755098E-002   7.3549627837884053E-003   7.3549627837884053E-003
   8.0653626086565275E-002   7.3551030411222696E-003   7.3551030411222696E-003
   8.1643342096180918E-002   7.3552433038102686E-003   7.3552433038102686E-003
   8.2645203099483991E-002   7.3553835718527119E-003   7.3553835718527119E-003
   8.3659358130005565E-002   7.3555238452499058E-003   7.3555238452499058E-003
   8.4685958050095544E-002   7.3556641240021545E-003   7.3556641240021545E-003
   8.5725155573364492E-002   7.3558044081097670E-003   7.3558044081097670E-003
   8.6777105287400763E-002   7.3559446975730502E-003   7.3559446975730502E-003
   8.7841963676766457E-002   7.3560849923923113E-003   7.3560849923923113E-003
   8.8919889146275549E-002   7.3562252925678581E-003   7.3562252925678581E-003
   9.0011042044557663E-002   7.3563655980999924E-003   7.3563655980999924E-003
   9.1115584687910992E-002   7.3565059089890283E-003   7.3565059089890283E-003
   9.2233681384447957E-002   7.3566462252352659E-003   7.3566462252352659E-003
   9.3365498458537116E-002   7.3567865468390165E-003   7.3567865468390165E-003
   9.4511204275545033E-002   7.3569268738005863E-003   7.3569268738005863E-003
   9.5670969266881761E-002   7.3570672061202850E-003   7.3570672061202850E-003
   9.6844965955353676E-002   7.3572075437984127E-003   7.3572075437984127E-003
   9.8033368980827346E-002   7.3573478868352816E-003   7.3573478868352816E-003
   9.9236355126208403E-002   7.3574882352312005E-003   7.3574882352312005E-003
  0.10045410334373922        7.3576285889864713E-003   7.3576285889864713E-003
  0.10168679478161921        7.3577689481014053E-003   7.3577689481014053E-003
  0.10293461281095184        7.3579093125763087E-003   7.3579093125763087E-003
  0.10419774305302235        7.3580496824114851E-003   7.3580496824114851E-003
  0.10547637340691007        7.3581900576072477E-003   7.3581900576072477E-003
  0.10677069407743980        7.3583304381639025E-003   7.3584508025309955E-003
  0.10808089760347593        7.3584708240817514E-003   7.3587315889221691E-003
  0.10940717888656393        7.3586112153611084E-003   7.3590123967616486E-003
  0.11074973521992328        7.3587516120022728E-003   7.3592932260518849E-003
  0.11210876631779614        7.3588920140055612E-003   7.3595740767953494E-003
  0.11348447434515617        7.3590324213712787E-003   7.3598549489944948E-003
  0.11487706394778194        7.3591728340997248E-003   7.3601358426517846E-003
  0.11628674228269933        7.3593132521912160E-003   7.3604167577696706E-003
  0.11771371904899761        7.3594536756460584E-003   7.3606976943506311E-003
  0.11915820651902342        7.3595941044645547E-003   7.3609786523971101E-003
  0.12062041956995789        7.3597345386470173E-003   7.3612596319115771E-003
  0.12210057571578094        7.3598749781937523E-003   7.3615406328964928E-003
  0.12359889513962796        7.3600154231050659E-003   7.3618216553543248E-003
  0.12511560072654357        7.3601558733812694E-003   7.3621026992875286E-003
  0.12665091809663717        7.3602963290226630E-003   7.3623837646985667E-003
  0.12820507563864558        7.3604367900295615E-003   7.3626648515899102E-003
  0.12977830454390726        7.3605772564022658E-003   7.3629459599640181E-003
  0.13137083884075365        7.3607177281410918E-003   7.3632270898233553E-003
  0.13298291542932242        7.3608582052463447E-003   7.3635082411703887E-003
  0.13461477411679795        7.3609986877183264E-003   7.3637894140075773E-003
  0.13626665765308427        7.3611391755573526E-003   7.3640706083373964E-003
  0.13793881176691569        7.3612796687637250E-003   7.3643518241622999E-003
  0.13963148520241070        7.3614201673377526E-003   7.3646330614847658E-003
  0.14134492975607418        7.3615606712797467E-003   7.3649143203072531E-003
  0.14307940031425392        7.3617011805900126E-003   7.3651956006322329E-003
  0.14483515489105667        7.3618416952688547E-003   7.3654769024621685E-003
  0.14661245466672934        7.3619822153165862E-003   7.3657582257995284E-003
  0.14841156402651151        7.3621227407335166E-003   7.3660395706467855E-003
  0.15023275059996433        7.3622632715199445E-003   7.3663209370064030E-003
  0.15207628530078229        7.3624038076761872E-003   7.3666023248808539E-003
  0.15394244236709345        7.3625443492025492E-003   7.3668837342726022E-003
  0.15583149940225416        7.3626848960993384E-003   7.3671651651841235E-003
  0.15774373741614442        7.3628254483668627E-003   7.3674466176178836E-003
  0.15967944086697006        7.3629660060054265E-003   7.3677280915763546E-003
  0.16163889770357767        7.3631065690153439E-003   7.3680095870620023E-003
  0.16362239940828904        7.3632471373969227E-003   7.3682911040773092E-003
  0.16563024104026106        7.3633877111504700E-003   7.3685726426247367E-003
  0.16766272127937767        7.3635282902762876E-003   7.3688542027067596E-003
  0.16972014247068065        7.3636688747746966E-003   7.3691357843258497E-003
  0.17180281066934533        7.3638094646459916E-003   7.3694173874844860E-003
  0.17391103568620839        7.3639500598904877E-003   7.3696990121851309E-003
  0.17604513113385434        7.3640906605084927E-003   7.3699806584302642E-003
  0.17820541447326746        7.3642312665003137E-003   7.3702623262223562E-003
  0.18039220706105619        7.3643718778662630E-003   7.3705440155638876E-003
  0.18260583419725718        7.3645124946066440E-003   7.3708257264573267E-003
  0.18484662517372574        7.3646531167217638E-003   7.3711074589051500E-003
  0.18711491332312033        7.3647937442119348E-003   7.3713892129098338E-003
  0.18941103606848794        7.3649343770774648E-003   7.3716709884738526E-003
  0.19173533497345802        7.3650750153186608E-003   7.3719527855996836E-003
  0.19408815579305239        7.3652156589358343E-003   7.3722346042897988E-003
  0.19646984852511862        7.3653563079292880E-003   7.3725164445466842E-003
  0.19888076746239453        7.3654969622993357E-003   7.3727983063728115E-003
  0.20132127124521162        7.3656376220462812E-003   7.3730801897706581E-003
  0.20379172291484524        7.3657782871704384E-003   7.3733620947427012E-003
  0.20629248996751934        7.3659189576721117E-003   7.3736440212914204E-003
  0.20882394440907406        7.3660596335516108E-003   7.3739259694192948E-003
  0.21138646281030407        7.3662003148092471E-003   7.3742079391288032E-003
  0.21398042636297601        7.3663410014453232E-003   7.3744899304224237E-003
  0.21660622093653328        7.3664816934601533E-003   7.3747719433026404E-003
  0.21926423713549673        7.3666223908540416E-003   7.3750539777719254E-003
  0.22195487035756969        7.3667630936273005E-003   7.3753360338327705E-003
  0.22467852085245604        7.3669038017802379E-003   7.3756181114876468E-003
  0.22743559378140002        7.3670445153131581E-003   7.3759002107390411E-003
  0.23022649927745667        7.3671852342263771E-003   7.3761823315894324E-003
  0.23305165250650187        7.3673259585202034E-003   7.3764644740413046E-003
  0.23591147372899107        7.3674666881949364E-003   7.3767466380971402E-003
  0.23880638836247581        7.3676074232508926E-003   7.3770288237594208E-003
  0.24173682704488744        7.3677481636883818E-003   7.3773110310306322E-003
  0.24470322569859740        7.3678889095077065E-003   7.3775932599132541E-003
  0.24770602559526361        7.3680296607091826E-003   7.3778755104097725E-003
  0.25074567342147253        7.3681704172931170E-003   7.3781577825226749E-003
  0.25382262134518685        7.3683111792598142E-003   7.3784400762544403E-003
  0.25693732708300843        7.3684519466095874E-003   7.3787223916075588E-003
  0.26009025396826679        7.3685927193427453E-003   7.3790047285845154E-003
  0.26328187101994294        7.3687334974595967E-003   7.3792870871877917E-003
  0.26651265301243915        7.3688742809604477E-003   7.3795694674198796E-003
  0.26978308054620492        7.3690150698456098E-003   7.3798518692832597E-003
  0.27309364011922926        7.3691558641153987E-003   7.3801342927804266E-003
  0.27644482419941085        7.3692966637701109E-003   7.3804167379138610E-003
  0.27983713129781562        7.3694374688100580E-003   7.3806992046860564E-003
  0.28327106604283386        7.3695782792355582E-003   7.3809816930994979E-003
  0.28674713925524686        7.3697190950469142E-003   7.3812642031566723E-003
  0.29026586802421511        7.3698599162444357E-003   7.3815467348600713E-003
  0.29382777578419866        7.3700007428284288E-003   7.3818292882121862E-003
  0.29743339239282152        7.3701415747992136E-003   7.3821118632155002E-003
  0.30108325420969156        7.3702824121570851E-003   7.3823944598725121E-003
  0.30477790417618755        7.3704232549023623E-003   7.3826770781857051E-003
  0.30851789189622536        7.3705641030353515E-003   7.3829597181575748E-003
  0.31230377371801521        7.3707049565563633E-003   7.3832423797906086E-003
  0.31613611281682219        7.3708458154657054E-003   7.3835250630873012E-003
  0.32001547927874230        7.3709866797636876E-003   7.3838077680501470E-003
  0.32394245018550671        7.3711275494506194E-003   7.3840904946816293E-003
  0.32791760970032635        7.3712684245268098E-003   7.3843732429842452E-003
  0.33194154915479024        7.3714093049925718E-003   7.3846560129604963E-003
  0.33601486713682999        7.3715501908482089E-003   7.3849388046128674E-003
  0.34013816957976367        7.3716910820940344E-003   7.3852216179438549E-003
  0.34431206985243262        7.3718319787303560E-003   7.3855044529559490E-003
  0.34853718885044399        7.3719728807574818E-003   7.3857873096516537E-003
  0.35281415508853325        7.3721137881757291E-003   7.3860701880334532E-003
  0.35714360479405993        7.3722547009854008E-003   7.3863530881038506E-003
  0.36152618200165065        7.3723956191868037E-003   7.3866360098653406E-003
  0.36596253864900363        7.3725365427802572E-003   7.3869189533204167E-003
  0.37045333467386876        7.3726774717660587E-003   7.3872019184715752E-003
  0.37499923811221775        7.3728184061445301E-003   7.3874849053213194E-003
  0.37960092519761901        7.3729593459159757E-003   7.3877679138721420E-003
  0.38425908046183194        7.3731002910807043E-003   7.3880509441265410E-003
  0.38897439683663548        7.3732412416390282E-003   7.3883339960870145E-003
  0.39374757575690644        7.3733821975912484E-003   7.3886170697560613E-003
  0.39857932726496259        7.3735231589376893E-003   7.3889001651361794E-003
  0.40347037011618631        7.3736641256786492E-003   7.3891832822298702E-003
  0.40842143188594421        7.3738050978144447E-003   7.3894664210396336E-003
  0.41343324907781870        7.3739460753453803E-003   7.3897495815679675E-003
  0.41850656723316804        7.3740870582717716E-003   7.3900327638173752E-003
  0.42364214104203052        7.3742280465939232E-003   7.3903159677903537E-003
  0.42884073445538962        7.3743690403121447E-003   7.3905991934894071E-003
  0.43410312079881691        7.3745100394267526E-003   7.3908824409170352E-003
  0.43943008288750929        7.3746510439380549E-003   7.3911657100757420E-003
  0.44482241314273813        7.3747920538463569E-003   7.3914490009680317E-003
  0.45028091370972712        7.3749330691519725E-003   7.3917323135964004E-003
  0.45580639657697680        7.3750740898552072E-003   7.3920156479633592E-003
  0.46139968369705331        7.3752151159563782E-003   7.3922990040714079E-003
  0.46706160710885930        7.3753561474557937E-003   7.3925823819230504E-003
  0.47279300906140526        7.3754971843537588E-003   7.3928657815207875E-003
  0.47859474213909975        7.3756382266505875E-003   7.3931492028671266E-003
  0.48446766938857699        7.3757792743465887E-003   7.3934326459645780E-003
  0.49041266444708093        7.3759203274420771E-003   7.3937161108156430E-003
  0.49643061167242447        7.3760613859373530E-003   7.3939995974228257E-003
  0.50252240627454381        7.3762024498327423E-003   7.3942831057886337E-003
  0.50868895444866669        7.3763435191285366E-003   7.3945666359155745E-003
  0.51493117351011508        7.3764845938250629E-003   7.3948501878061531E-003
  0.52124999203076217        7.3766256739226186E-003   7.3951337614628805E-003
  0.52764634997716342        7.3767667594215238E-003   7.3954173568882625E-003
  0.53412119885038289        7.3769078503220795E-003   7.3957009740848083E-003
  0.54067550182753543        7.3770489466246075E-003   7.3959846130550212E-003
  0.54731023390506595        7.3771900483294078E-003   7.3962682738014165E-003
  0.55402638204378629        7.3773311554367936E-003   7.3965519563265018E-003
  0.56082494531569238        7.3774722679470816E-003   7.3968356606327855E-003
  0.56770693505258307        7.3776133858605769E-003   7.3971193867227803E-003
  0.57467337499650228        7.3777545091775910E-003   7.3974031345989920E-003
  0.58172530145202761        7.3778956378984300E-003   7.3976869042639351E-003
  0.58886376344042746        7.3780367720234106E-003   7.3979706957201224E-003
  0.59608982285571011        7.3781779115528424E-003   7.3982545089700622E-003
  0.60340455462258746        7.3783190564870368E-003   7.3985383440162691E-003
  0.61080904685637749        7.3784602068262964E-003   7.3988222008612523E-003
  0.61830440102486828        7.3786013625709423E-003   7.3991060795075281E-003
  0.62589173211216897        7.3787425237212779E-003   7.3993899799576065E-003
  0.63357216878457134        7.3788836902776251E-003   7.3996739022140047E-003
  0.64134685355844601        7.3790248622402797E-003   7.3999578462792329E-003
  0.64921694297019961        7.3791660396095625E-003   7.4002418121558106E-003
  0.65718360774831752        7.3793072223857772E-003   7.4005257998462481E-003
  0.66524803298751733        7.3794484105692429E-003   7.4008098093530546E-003
  0.67341141832503948        7.3795896041602615E-003   7.4010938406787593E-003
  0.68167497811910172        7.3797308031591513E-003   7.4013778938258707E-003
  0.69003994162954274        7.3798720075662202E-003   7.4016619687969059E-003
  0.69850755320068281        7.3800132173817787E-003   7.4019460655943793E-003
  0.70707907244642842        7.3801544326061392E-003   7.4022301842208158E-003
  0.71575577443764837        7.3802956532396094E-003   7.4025143246787229E-003
  0.72453894989184886        7.3804368792825016E-003   7.4027984869706230E-003
  0.73342990536517649        7.3805781107351316E-003   7.4030826710990323E-003
  0.74242996344677736        7.3807193475978047E-003   7.4033668770664765E-003
  0.75154046295554067        7.3808605898708340E-003   7.4036511048754658E-003
  0.76076275913925751        7.3810018375545282E-003   7.4039353545285258E-003
  0.77009822387622251        7.3811430906492058E-003   7.4042196260281704E-003
  0.77954824587931049        7.3812843491551676E-003   7.4045039193769233E-003
  0.78911423090255628        7.3814256130727328E-003   7.4047882345773053E-003
  0.79879760195027028        7.3815668824022069E-003   7.4050725716318377E-003
  0.80859979948871996        7.3817081571439045E-003   7.4053569305430394E-003
  0.81852228166040863        7.3818494372981363E-003   7.4056413113134361E-003
  0.82856652450098411        7.3819907228652162E-003   7.4059257139455483E-003
  0.83873402215880877        7.3821320138454487E-003   7.4062101384418924E-003
  0.84902628711722417        7.3822733102391486E-003   7.4064945848050035E-003
  0.85944485041954322        7.3824146120466307E-003   7.4067790530373953E-003
  0.86999126189680265        7.3825559192682022E-003   7.4070635431415892E-003
  0.88066709039831137        7.3826972319041718E-003   7.4073480551201179E-003
  0.89147392402502690        7.3828385499548604E-003   7.4076325889755055E-003
  0.90241337036579616        7.3829798734205672E-003   7.4079171447102698E-003
  0.91348705673649511        7.3831212023016167E-003   7.4082017223269427E-003
  0.92469663042210259        7.3832625365983107E-003   7.4084863218280414E-003
  0.93604375892174541        7.3834038763109624E-003   7.4087709432161019E-003
  0.94753013019674970        7.3835452214398864E-003   7.4090555864936456E-003
  0.95915745292173671        7.3836865719853909E-003   7.4093402516631993E-003
  0.97092745673879921        7.3838279279477880E-003   7.4096249387272887E-003
  0.98284189251479792        7.3839692893273908E-003   7.4099096476884412E-003
  0.99490253260181405        7.3841106561245125E-003   7.4101943785491948E-003
   1.0071111711007990        7.3842520283394610E-003   7.4104791313120612E-003
   1.0194696241284584        7.3843934059725494E-003   7.4107639059795786E-003
   1.0319797300874123        7.3845347890240873E-003   7.4110487025542812E-003
   1.0446433499396695        7.3846761774943905E-003   7.4113335210386879E-003
   1.0574623674834576        7.3848175713837677E-003   7.4116183614353365E-003
   1.0704386896334517        7.3849589706925321E-003   7.4119032237467495E-003
   1.0835742467044398        7.3851003754209967E-003   7.4121881079754646E-003
   1.0968709926984705        7.3852417855694704E-003   7.4124730141240068E-003
   1.1103309055955239        7.3853832011382637E-003   7.4127579421949174E-003
   1.1239559876477490        7.3855246221276915E-003   7.4130428921907170E-003
   1.1377482656773121        7.3856660485380667E-003   7.4133278641139444E-003
   1.1517097913779011        7.3858074803697001E-003   7.4136128579671296E-003
   1.1658426416199272        7.3859489176229011E-003   7.4138978737528071E-003
   1.1801489187594747        7.3860903602979830E-003   7.4141829114735113E-003
   1.1946307509510394        7.3862318083952614E-003   7.4144679711317732E-003
   1.2092902924641067        7.3863732619150425E-003   7.4147530527301272E-003
   1.2241297240036129        7.3865147208576429E-003   7.4150381562711086E-003
   1.2391512530343400        7.3866561852233724E-003   7.4153232817572544E-003
   1.2543571141092913        7.3867976550125412E-003   7.4156084291910982E-003
   1.2697495692020950        7.3869391302254662E-003   7.4158935985751727E-003
   1.2853309080434892        7.3870806108624551E-003   7.4161787899120202E-003
   1.3011034484619337        7.3872220969238228E-003   7.4164640032041698E-003
   1.3170695367284029        7.3873635884098782E-003   7.4167492384541655E-003
   1.3332315479054093        7.3875050853209378E-003   7.4170344956645427E-003
   1.3495918862003100        7.3876465876573112E-003   7.4173197748378392E-003
   1.3661529853229484        7.3877880954193124E-003   7.4176050759765903E-003
   1.3829173088476852        7.3879296086072476E-003   7.4178903990833340E-003
   1.3998873505798712        7.3880711272214395E-003   7.4181757441606150E-003
   1.4170656349268178        7.3882126512621943E-003   7.4184611112109678E-003
   1.4344547172733193        7.3883541807298224E-003   7.4187465002369330E-003
   1.4520571843617838        7.3884957156246378E-003   7.4190319112410535E-003
   1.4698756546770280        7.3886372559469511E-003   7.4193173442258621E-003
   1.4879127788357949        7.3887788016970806E-003   7.4196027991939063E-003
   1.5061712399810501        7.3889203528753385E-003   7.4198882761477283E-003
   1.5246537541811178        7.3890619094820293E-003   7.4201737750898651E-003
   1.5433630708337140        7.3892034715174687E-003   7.4204592960228615E-003
   1.5623019730749381        7.3893450389819759E-003   7.4207448389492572E-003
   1.5814732781932823        7.3894866118758553E-003   7.4210304038715954E-003
   1.6008798380487226        7.3896281901994210E-003   7.4213159907924233E-003
   1.6205245394969523        7.3897697739529868E-003   7.4216015997142825E-003
   1.6404103048188206        7.3899113631368668E-003   7.4218872306397194E-003
   1.6605400921550419        7.3900529577513698E-003   7.4221728835712720E-003
   1.6809168959462386        7.3901945577968132E-003   7.4224585585114843E-003
   1.7015437473783845        7.3903361632735049E-003   7.4227442554629106E-003
   1.7224237148337140        7.3904777741817642E-003   7.4230299744280914E-003
   1.7435599043471641        7.3906193905218919E-003   7.4233157154095716E-003
   1.7649554600684183        7.3907610122942134E-003   7.4236014784098995E-003
   1.7866135647296200        7.3909026394990340E-003   7.4239504782995895E-003
   1.8085374401188250        7.3910442721366720E-003   7.4243792044356906E-003
   1.8307303475592638        7.3911859102074352E-003   7.4248079801355242E-003
   1.8531955883944857        7.3913275537116335E-003   7.4252368054076928E-003
   1.8759365044794556        7.3914692026495910E-003   7.4256656802607944E-003
   1.8989564786776769        7.3916108570216124E-003   7.4260946047034386E-003
   1.9222589353644162        7.3917525168280106E-003   7.4265235787442218E-003
   1.9458473409361006        7.3918941820690998E-003   7.4269526023917690E-003
   1.9697252043259685        7.3920358527451947E-003   7.4273816756546740E-003
   1.9938960775260464        7.3921775288566050E-003   7.4278107985415610E-003
   2.0183635561155313        7.3923192104036464E-003   7.4282399710610342E-003
   2.0431312797956580        7.3924608973866303E-003   7.4286691932217179E-003
   2.0682029329311282        7.3926025898058689E-003   7.4290984650322292E-003
   2.0935822450981845        7.3927442876616763E-003   7.4295277865011871E-003
   2.1192729916394102        7.3928859909543707E-003   7.4299571576372167E-003
   2.1452789942253370        7.3930276996842575E-003   7.4303865784489326E-003
   2.1716041214229427        7.3931694138516559E-003   7.4308160489449764E-003
   2.1982522892711285        7.3933111334568711E-003   7.4312455691339626E-003
   2.2252274618632542        7.3934528585002223E-003   7.4316751390245284E-003
   2.2525336519368251        7.3935945889820227E-003   7.4321047586253051E-003
   2.2801749214704117        7.3937363249025846E-003   7.4325344279449262E-003
   2.3081553822878984        7.3938780662622201E-003   7.4329641469920334E-003
   2.3364791966701435        7.3940198130612450E-003   7.4333939157752559E-003
   2.3651505779741457        7.3941615652999690E-003   7.4338237343032423E-003
   2.3941737912598113        7.3943033229787085E-003   7.4342536025846281E-003
   2.4235531539244084        7.3944450860977760E-003   7.4346835206280607E-003
   2.4532930363448098        7.3945868546574809E-003   7.4351134884421879E-003
   2.4833978625276152        7.3947286286581435E-003   7.4355435060356563E-003
   2.5138721107672524        7.3948704081000767E-003   7.4359735734171196E-003
   2.5447203143121526        7.3950121929835886E-003   7.4364036905952237E-003
   2.5759470620391021        7.3951539833089931E-003   7.4368338575786248E-003
   2.6075569991358689        7.3952957790766084E-003   7.4372640743759870E-003
   2.6395548277922050        7.3954375802867444E-003   7.4376943409959579E-003
   2.6719453078993278        7.3955793869397183E-003   7.4381246574472025E-003
   2.7047332577579875        7.3957211990358408E-003   7.4385550237383892E-003
   2.7379235547952199        7.3958630165754232E-003   7.4389854398781725E-003
   2.7715211362898970        7.3960048395587830E-003   7.4394159058752225E-003
   2.8055310001071816        7.3961466679862333E-003   7.4398464217382103E-003
   2.8399582054419903        7.3962885018580846E-003   7.4402769874758034E-003
   2.8748078735715854        7.3964303411746543E-003   7.4407076030966754E-003
   2.9100851886173977        7.3965721859362574E-003   7.4411382686095000E-003
   2.9457953983161995        7.3967140361432017E-003   7.4415689840229551E-003
   2.9819438148007409        7.3968558917958055E-003   7.4419997493457169E-003
   3.0185358153899648        7.3969977528943820E-003   7.4424305645864660E-003
   3.0555768433889194        7.3971396194392417E-003   7.4428614297538855E-003
   3.0930724088984856        7.3972814914307029E-003   7.4432923448566673E-003
   3.1310280896350418        7.3974233688690813E-003   7.4437233099034867E-003
   3.1694495317601872        7.3975652517546814E-003   7.4441543249030330E-003
   3.2083424507206453        7.3977071400878249E-003   7.4445853898640049E-003
   3.2477126320984748        7.3978490338688268E-003   7.4450165047950916E-003
   3.2875659324717144        7.3979909330979948E-003   7.4454476697049876E-003
   3.3279082802855871        7.3981328377756466E-003   7.4458788846023839E-003
   3.3687456767343966        7.3982747479020942E-003   7.4463101494959870E-003
   3.4100841966542457        7.3984166634776544E-003   7.4467414643944957E-003
   3.4519299894267075        7.3985585845026385E-003   7.4471728293066123E-003
   3.4942892798935881        7.3987005109773666E-003   7.4476042442410389E-003
   3.5371683692829130        7.3988424429021413E-003   7.4480357092064848E-003
   3.5805736361462772        7.3989843802772914E-003   7.4484672242116556E-003
   3.6245115373076979        7.3991263231031152E-003   7.4488987892652684E-003
   3.6689886088241090        7.3992682713799416E-003   7.4493304043760297E-003
   3.7140114669576447        7.3994102251080706E-003   7.4497620695526574E-003
   3.7595868091598517        7.3995521842878283E-003   7.4501937848038685E-003
   3.8057214150679810        7.3996941489195243E-003   7.4506255501383808E-003
   3.8524221475135034        7.3998361190034754E-003   7.4510573655649148E-003
   3.8996959535430022        7.3999780945399902E-003   7.4514892310921961E-003
   3.9475498654515926        7.4001200755293879E-003   7.4519211467289469E-003
   3.9959910018290223        7.4002620619719800E-003   7.4523531124838947E-003
   4.0450265686186109        7.4004040538680838E-003   7.4527851283657685E-003
   4.0946638601891800        7.4005460512180116E-003   7.4532171943832983E-003
   4.1449102604201409        7.4006880540220758E-003   7.4536493105452212E-003
   4.1957732437998958        7.4008300622805971E-003   7.4540814768602678E-003
   4.2472603765377190        7.4009720759938844E-003   7.4545136933371788E-003
   4.2993793176892785        7.4011140951622542E-003   7.4549459599846908E-003
   4.3521378202959733        7.4012561197860207E-003   7.4553782768115411E-003
   4.4055437325382520        7.4013981498654959E-003   7.4558106438264871E-003
   4.4596049989030790        7.4015401854010000E-003   7.4562430610382591E-003
   4.5143296613657329        7.4016822263928434E-003   7.4566755284556112E-003
   4.5697258605861011        7.4018242728413428E-003   7.4571080460872916E-003
   4.6258018371196608        7.4019663247468078E-003   7.4575406139420495E-003
   4.6825659326433140        7.4021083821095637E-003   7.4579732320286408E-003
   4.7400265911962700        7.4022504449299141E-003   7.4584059003558198E-003
   4.7981923604361514        7.4023925132081789E-003   7.4588386189323452E-003
   4.8570718929105157        7.4025345869446714E-003   7.4592713877669765E-003
   4.9166739473439796        7.4026766661397080E-003   7.4597042068684713E-003
   4.9770073899411384        7.4028187507936046E-003   7.4601370762456013E-003
   5.0380811957054723        7.4029608409066690E-003   7.4605699959071235E-003
   5.0999044497744404        7.4031029364792240E-003   7.4610029658618120E-003
   5.1624863487709520        7.4032450375115799E-003   7.4614359861184323E-003
   5.2258362021714291        7.4033871440040535E-003   7.4618690566857554E-003
   5.2899634336906534        7.4035292559569603E-003   7.4623021775725622E-003
   5.3548775826836037        7.4036713733706136E-003   7.4627353487876219E-003
   5.4205883055645021        7.4038134962453256E-003   7.4631685703397121E-003
   5.4871053772432692        7.4039556245814181E-003   7.4636018422376132E-003
   5.5544386925796072        7.4040977583792033E-003   7.4640351644901107E-003
   5.6225982678549258        7.4042398976389943E-003   7.4644685371059866E-003
   5.6915942422623331        7.4043820423611061E-003   7.4649019600940220E-003
   5.7614368794149060        7.4045241925458560E-003   7.4653354334630164E-003
   5.8321365688724738        7.4046663481935580E-003   7.4657689572217509E-003
   5.9037038276871332        7.4048085093045262E-003   7.4662025313790162E-003
   5.9761493019677303        7.4049506758790771E-003   7.4666361559436152E-003
   6.0494837684635403        7.4050928479175255E-003   7.4670698309243343E-003
   6.1237181361673834        7.4052350254201864E-003   7.4675035563299815E-003
   6.1988634479384075        7.4053772083873745E-003   7.4679373321693485E-003
   6.2749308821447887        7.4055193968194074E-003   7.4683711584512457E-003
   6.3519317543265892        7.4056615907165980E-003   7.4688050351844676E-003
   6.4298775188790174        7.4058037900792632E-003   7.4692389623778324E-003
   6.5087797707563491        7.4059459949077158E-003   7.4696729400401379E-003
   6.5886502471967514        7.4060882052022717E-003   7.4701069681802025E-003
   6.6695008294682774        7.4062304209632510E-003   7.4705410468068360E-003
   6.7513435446362831        7.4063726421909615E-003   7.4709751759288482E-003
   6.8341905673525352        7.4065148688857241E-003   7.4714093555550629E-003
   6.9180542216662717        7.4066571010478520E-003   7.4718435856942975E-003
   7.0029469828574857        7.4067993386776618E-003   7.4722778663553723E-003
   7.0888814792927075        7.4069415817754700E-003   7.4727121975471100E-003
   7.1758704943035587        7.4070838303415855E-003   7.4731465792783327E-003
   7.2639269680883594        7.4072260843763343E-003   7.4735810115578727E-003
   7.3530639996370679        7.4073683438800235E-003   7.4740154943945527E-003
   7.4432948486798427        7.4075106088529706E-003   7.4744500277972130E-003
   7.5346329376595174        7.4076528792954930E-003   7.4748846117746797E-003
   7.6270918537282784        7.4077951552079064E-003   7.4753192463357897E-003
   7.7206853507688455        7.4079374365905249E-003   7.4757539314893786E-003
   7.8154273514404524        7.4080797234436641E-003   7.4761886672442884E-003
   7.9113319492499370        7.4082220157676458E-003   7.4766234536093601E-003
   8.0084134106482452        7.4083643135627745E-003   7.4770582905934347E-003
   8.1066861771526568        7.4085066168293702E-003   7.4774931782053619E-003
   8.2061648674950654        7.4086489255677530E-003   7.4779281164539897E-003
   8.3068642797966064        7.4087912397782386E-003   7.4783631053481599E-003
   8.4087993937689784        7.4089335594611375E-003   7.4787981448967344E-003
   8.5119853729427746        7.4090758846167689E-003   7.4792332351085594E-003
   8.6164375669231639        7.4092182152454486E-003   7.4796683759924924E-003
   8.7221715136732421        7.4093605513474879E-003   7.4801035675573987E-003
   8.8292029418254092        7.4095028929232077E-003   7.4805388098121263E-003
   8.9375477730211106        7.4096452399729264E-003   7.4809741027655439E-003
   9.0472221242792887        7.4097875924969553E-003   7.4814094464265186E-003
   9.1582423103938915        7.4099299504956102E-003   7.4818448408039053E-003
   9.2706248463608159        7.4100723139692041E-003   7.4822802859065901E-003
   9.3843864498346150        7.4102146829180668E-003   7.4827157817434270E-003
   9.4995440436153693        7.4103570573424973E-003   7.4831513283232952E-003
   9.6161147581660593        7.4104994372428245E-003   7.4835869256550686E-003
   9.7341159341608421        7.4106418226193554E-003   7.4840225737476231E-003
   9.8535651250645913        7.4107842134724126E-003   7.4844582726098395E-003
   9.9744800997440901        7.4109266098023084E-003   7.4848940222505969E-003
   10.096878845111272        7.4110690116093586E-003   7.4853298226787756E-003
   10.220779568798893        7.4112114188938866E-003   7.4857656739032667E-003
   10.346200701869037        7.4113538316561978E-003   7.4862015759329529E-003
   10.473160901554865        7.4114962498966165E-003   7.4866375287767186E-003
   10.601679054035998        7.4116386736154541E-003   7.4870735324434612E-003
   10.731774277247965        7.4117811028130308E-003   7.4875095869420755E-003
   10.863465923726125        7.4119235374896612E-003   7.4879456922814528E-003
   10.996773583484483        7.4120659776456604E-003   7.4883818484704906E-003
   11.131717086929841        7.4122084232813457E-003   7.4888180555180896E-003
   11.268316507811697        7.4123508743970373E-003   7.4892543134331508E-003
   11.406592166208354        7.4124933309930420E-003   7.4896906222245777E-003
   11.546564631549664        7.4126357930696853E-003   7.4901269819012753E-003
   11.688254725676877        7.4127782606272829E-003   7.4905633924721498E-003
   11.831683525940020        7.4129207336661443E-003   7.4909998539461143E-003
   11.976872368333296        7.4130632121865965E-003   7.4914363663320790E-003
   12.123842850668959        7.4132056961889450E-003   7.4918729296389571E-003
   12.272616835790132        7.4133481856735123E-003   7.4923095438756675E-003
   12.423216454823049        7.4134906806406194E-003   7.4927462090511269E-003
   12.575664110469209        7.4136331810905724E-003   7.4931829251742525E-003
   12.729982480337933        7.4137756870236958E-003   7.4936196922539685E-003
   12.886194520319801        7.4139181984403061E-003   7.4940565102992055E-003
   13.044323468001501        7.4140607153407130E-003   7.4944933793188754E-003
   13.204392846122575        7.4142032377252434E-003   7.4949302993219200E-003
   13.366426466074582        7.4143457655942071E-003   7.4953672703172653E-003
   13.530448431443203        7.4144882989479214E-003   7.4958042923138433E-003
   13.696483141593809        7.4146308377867030E-003   7.4962413653205905E-003
   13.864555295301034        7.4147733821108694E-003   7.4966784893464406E-003
   14.034689894422877        7.4149159319207413E-003   7.4971156644003363E-003
   14.206912247619902        7.4150584872166277E-003   7.4975528904912148E-003
   14.381247974120068        7.4152010479988529E-003   7.4979901676280247E-003
   14.557723007529757        7.4153436142677326E-003   7.4984274958197041E-003
   14.736363599691581        7.4154861860235826E-003   7.4988648750752111E-003
   14.917196324589506        7.4156287632667142E-003   7.4993023054034796E-003
   15.100248082301924        7.4157713459974536E-003   7.4997397868134755E-003
   15.285546103003210        7.4159139342161104E-003   7.5001773193141422E-003
   15.473117951014396        7.4160565279230055E-003   7.5006149029144429E-003
   15.662991528903550        7.4161991271184564E-003   7.5010525376233298E-003
   15.855195081636467        7.4163417318027771E-003   7.5014902234497678E-003
   16.049757200778295        7.4164843419762929E-003   7.5019279604027151E-003
   16.246706828746731        7.4166269576393089E-003   7.5023657484911341E-003
   16.446073263117384        7.4167695787921480E-003   7.5028035877239959E-003
   16.647886160982001        7.4169122054351293E-003   7.5032414781102674E-003
   16.852175543360151        7.4170548375685702E-003   7.5036794196589179E-003
   17.058971799665049        7.4171974751927822E-003   7.5041174123789195E-003
   17.268305692224192        7.4173401183080852E-003   7.5045554562792483E-003
   17.480208360855457        7.4174827669148029E-003   7.5049935513688774E-003
   17.694711327499355        7.4176254210132457E-003   7.5054316976567890E-003
   17.911846500908137        7.4177680806037276E-003   7.5058698951519674E-003
   18.131646181392430        7.4179107456865730E-003   7.5063081438633853E-003
   18.354143065626129        7.4180534162620994E-003   7.5067464438000331E-003
   18.579370251510237        7.4181960923306216E-003   7.5071847949709000E-003
   18.807361243096409        7.4183387738924588E-003   7.5076231973849744E-003
   19.038149955570898        7.4184814609479224E-003   7.5080616510512484E-003
   19.271770720299671        7.4186241534973359E-003   7.5085001559787156E-003
   19.508258289935423        7.4187668515410176E-003   7.5089387121763653E-003
   19.747647843587274        7.4189095550792799E-003   7.5093773196532000E-003
   19.989974992053892        7.4190522641124461E-003   7.5098159784182227E-003
   20.235275783120837        7.4191949786408277E-003   7.5102546884804298E-003
   20.483586706922917        7.4193376986647491E-003   7.5106934498488298E-003
   20.734944701372331        7.4194804241845226E-003   7.5111322625324266E-003
   20.989387157653436        7.4196231552004638E-003   7.5115711265402244E-003
   21.246951925784934        7.4197658917128980E-003   7.5120100418812411E-003
   21.507677320250320        7.4199086337221384E-003   7.5124490085644834E-003
   21.771602125697409        7.4200513812285032E-003   7.5128880265989658E-003
   22.038765602707826        7.4201941342323108E-003   7.5133270959937088E-003
   22.309207493637263        7.4203368927338795E-003   7.5137662167577331E-003
   22.582968028527436        7.4204796567335259E-003   7.5142053889000523E-003
   22.860087931090565        7.4206224262315622E-003   7.5146446124296929E-003
   23.140608424767297        7.4207652012283189E-003   7.5150838873556790E-003
   23.424571238858974        7.4209079817241048E-003   7.5155232136870425E-003
   23.712018614735143        7.4210507677192391E-003   7.5159625914328074E-003
   24.002993312117248        7.4211935592140401E-003   7.5164020206020072E-003
   24.297538615439411        7.4213363562088261E-003   7.5168415012036747E-003
   24.595698340287299        7.4214791587039163E-003   7.5172810332468478E-003
   24.897516839915976        7.4216219666996272E-003   7.5177206167405617E-003
   25.203039011847743        7.4217647801962799E-003   7.5181602516938570E-003
   25.512310304550954        7.4219075991941840E-003   7.5185999381157725E-003
   25.825376724200776        7.4220504236936682E-003   7.5190396760153599E-003
   26.142284841522912        7.4221932536950421E-003   7.5194794654016607E-003
   26.463081798721312        7.4223360891986292E-003   7.5199193062837249E-003
   26.787815316490896        7.4224789302047437E-003   7.5203591986706024E-003
   27.116533701116314        7.4226217767137080E-003   7.5207991425713452E-003
   27.449285851657844        7.4227646287258362E-003   7.5212391379950059E-003
   27.786121267225443        7.4229074862414476E-003   7.5216791849506458E-003
   28.127090054342080        7.4230503492608664E-003   7.5221192834473219E-003
   28.472242934397407        7.4231932177843997E-003   7.5225594334940946E-003
   28.821631251192912        7.4233360918123754E-003   7.5229996351000288E-003
   29.175306978579652        7.4234789713451084E-003   7.5234398882741901E-003
   29.533322728189713        7.4236218563829134E-003   7.5238801930256425E-003
   29.895731757262542        7.4237647469261149E-003   7.5243205493634620E-003
   30.262587976567310        7.4239076429750287E-003   7.5247609572967125E-003
   30.633945958422508        7.4240505445299703E-003   7.5252014168344745E-003
   31.009860944813948        7.4241934515912643E-003   7.5256419279858197E-003
   31.390388855612365        7.4243363641592237E-003   7.5260824907598303E-003
   31.775586296891884        7.4244792822341713E-003   7.5265231051655848E-003
   32.165510569350552        7.4246222058164200E-003   7.5269637712121629E-003
   32.560219676834194        7.4247651349062926E-003   7.5274044889086528E-003
   32.959772334964875        7.4249080695041091E-003   7.5278452582641393E-003
   33.364227979875245        7.4250510096101844E-003   7.5282860792877113E-003
   33.773646777050061        7.4251939552248377E-003   7.5287269519884589E-003
   34.188089630276203        7.4253369063483898E-003   7.5291678763754798E-003
   34.607618190702517        7.4254798629811514E-003   7.5296088524578631E-003
   35.032294866010851        7.4256228251234563E-003   7.5300498802447118E-003
   35.462182829699593        7.4257657927756099E-003   7.5304909597451192E-003
   35.897346030481174        7.4259087659379374E-003   7.5309320909681919E-003
   36.337849201794853        7.4260517446107545E-003   7.5313732739230319E-003
   36.783757871436258        7.4261947287943804E-003   7.5318145086187430E-003
   37.235138371305069        7.4263377184891361E-003   7.5322557950644395E-003
   37.692057847272352        7.4264807136953381E-003   7.5326971332692260E-003
   38.154584269168943        7.4266237144133065E-003   7.5331385232422169E-003
   38.622786440896419        7.4267667206433597E-003   7.5335799649925228E-003
   39.096734010662146        7.4269097323858193E-003   7.5340214585292642E-003
   39.576497481339906        7.4270527496409951E-003   7.5344630038615646E-003
   40.062148220957674        7.4271957724092166E-003   7.5349046009985324E-003
   40.553758473314097        7.4273388006907979E-003   7.5353462499493018E-003
   41.051401368725230        7.4274818344860598E-003   7.5357879507229912E-003
   41.555150934903168        7.4276248737953207E-003   7.5362297033287340E-003
   42.065082107968166        7.4277679186188997E-003   7.5366715077756549E-003
   42.581270743595894        7.4279109689571170E-003   7.5371133640728880E-003
   43.103793628301446        7.4280540248102848E-003   7.5375552722295623E-003
   43.632728490861894        7.4281970861787300E-003   7.5379972322548198E-003
   44.168154013878919        7.4283401530627676E-003   7.5384392441577965E-003
   44.710149845483407        7.4284832254627219E-003   7.5388813079476300E-003
   45.258796611183634        7.4286263033789069E-003   7.5393234236334657E-003
   45.814175925858841        7.4287693868116461E-003   7.5397655912244474E-003
   46.376370405899998        7.4289124757612500E-003   7.5402078107297205E-003
   46.945463681499547        7.4290555702280483E-003   7.5406500821584349E-003
   47.521540409091955        7.4291986702123567E-003   7.5410924055197412E-003
   48.104686283946918        7.4293417757144925E-003   7.5415347808227918E-003
   48.694988052917118        7.4294848867347777E-003   7.5419772080767469E-003
   49.292533527342385        7.4296280032735288E-003   7.5424196872907545E-003
   49.897411596112228        7.4297711253310684E-003   7.5428622184739802E-003
   50.509712238888660        7.4299142529077131E-003   7.5433048016355893E-003
   51.129526539491252        7.4300573860037848E-003   7.5437474367847351E-003
   51.756946699446488        7.4302005246196018E-003   7.5441901239305951E-003
   52.392066051703345        7.4303436687554779E-003   7.5446328630823312E-003
   53.034979074517189        7.4304868184117455E-003   7.5450756542491107E-003
   53.685781405504066        7.4306299735887160E-003   7.5455184974401145E-003
   54.344569855867412        7.4307731342867049E-003   7.5459613926645071E-003
   55.011442424799398        7.4309163005060394E-003   7.5464043399314775E-003
   55.686498314058944        7.4310594722470369E-003   7.5468473392501928E-003
   56.369837942728651        7.4312026495100174E-003   7.5472903906298409E-003
   57.061562962152806        7.4313458322952958E-003   7.5477334940796054E-003
   57.761776271058714        7.4314890206031983E-003   7.5481766496086674E-003
   58.470582030863561        7.4316322144340440E-003   7.5486198572262183E-003
   59.188085681169127        7.4317754137881477E-003   7.5490631169414461E-003
   59.914393955446627        7.4319186186658304E-003   7.5495064287635430E-003
   60.649614896914031        7.4320618290674174E-003   7.5499497927017040E-003
   61.393857874608223        7.4322050449932234E-003   7.5503932087651240E-003
   62.147233599654378        7.4323482664435678E-003   7.5508366769630013E-003
   62.909854141734968        7.4324914934187775E-003   7.5512801973045395E-003
   63.681832945760888        7.4326347259191577E-003   7.5517237697989362E-003
   64.463284848747151        7.4327779639450442E-003   7.5521673944553983E-003
   65.254326096895653        7.4329212074967475E-003   7.5526110712831355E-003
   66.055074362887567        7.4330644565745937E-003   7.5530548002913558E-003
   66.865648763387981        7.4332077111788969E-003   7.5534985814892713E-003
   67.686169876765234        7.4333509713099830E-003   7.5539424148860917E-003
   68.516759761027828        7.4334942369681653E-003   7.5543863004910337E-003
   69.357541971981320        7.4336375081537689E-003   7.5548302383133207E-003
   70.208641581608092        7.4337807848671115E-003   7.5552742283621650E-003
   71.070185196672639        7.4339240671085121E-003   7.5557182706467978E-003
   71.942300977555206        7.4340673548782968E-003   7.5561623651764359E-003
   72.825118657316466        7.4342106481767797E-003   7.5566065119603079E-003
   73.718769560996179        7.4343539470042809E-003   7.5570507110076417E-003
   74.623386625148711        7.4344972513611263E-003   7.5574949623276756E-003
   75.539104417618191        7.4346405612476310E-003   7.5579392659296321E-003
   76.466059157556387        7.4347838766641158E-003   7.5583836218227479E-003
   77.404388735686254        7.4349271976109025E-003   7.5588280300162734E-003
   78.354232734814062        7.4350705240883120E-003   7.5592724905194295E-003
   79.315732450593273        7.4352138560966593E-003   7.5597170033414717E-003
   80.289030912543268        7.4353571936362720E-003   7.5601615684916419E-003
   81.274272905325859        7.4355005367074695E-003   7.5606061859791818E-003
   82.271604990283052        7.4356438853105666E-003   7.5610508558133418E-003
   83.281175527239000        7.4357872394458886E-003   7.5614955780033723E-003
   84.303134696569501        7.4359305991137555E-003   7.5619403525585271E-003
   85.337634521542370        7.4360739643144864E-003   7.5623851794880586E-003
   86.384828890931900        7.4362173350483998E-003   7.5628300588012265E-003
   87.444873581910826        7.4363607113158200E-003   7.5632749905072925E-003
   88.517926283223275        7.4365040931170670E-003   7.5637199746155098E-003
   89.604146618641977        7.4366474804524576E-003   7.5641650111351513E-003
   90.703696170713386        7.4367908733223185E-003   7.5646101000754777E-003
   91.816738504794159        7.4369342717269648E-003   7.5650552414457551E-003
   92.943439193382602        7.4370776756667216E-003   7.5655004352552591E-003
   94.083965840748704        7.4372210851419082E-003   7.5659456815132609E-003
   95.238488107866360        7.4373645001528429E-003   7.5663909802290317E-003
   96.407177737651594        7.4375079206998509E-003   7.5668363314118480E-003
   97.590208580510478        7.4376513467832462E-003   7.5672817350709940E-003
   98.787756620200540        7.4377947784033541E-003   7.5677271912157453E-003
   100.00000000000951        7.4379382155604964E-003   7.5681726998553904E-003
